2.729279841612024526e-01
3.319945836428734864e-01
8.652807202133439013e-02
3.772630498452667069e-01
9.080852037944595612e-01
7.295740906820351590e-01
2.474760758940948158e-01
8.810391472517783429e-01
5.616242205210004723e-01
5.715086901326726920e-01
3.577818140768856958e-01
1.599811329698862528e-01
1.917461400923362591e-01
2.055588100082841319e-01
9.674972159288180995e-01
6.606954416009798159e-01
1.308062243946304104e-01
4.048252829736861402e-01
6.191071274634150079e-01
8.115631888879373257e-01
5.841659256448661353e-02
8.364631513810919516e-01
6.643385480652007624e-01
4.095546832658257808e-01
3.852165556700409832e-01
9.239590028133437549e-02
6.532398785326540835e-01
4.299252879696502383e-01
5.107902557055705728e-01
1.126572100175733393e-01
1.748699606136121520e-01
6.245893054149304069e-01
1.462235444790305205e-02
6.052076191417852247e-01
4.451164859529459505e-01
8.114287773098234346e-01
3.896296305713761177e-01
1.364865682160969484e-01
1.117077274097718620e-01
1.636087605159413094e-01
9.875819407725325849e-01
3.059129474793201853e-01
9.194447896413838750e-01
7.224758760476496233e-01
9.159464508855522658e-01
7.288017248422967720e-01
8.495621268532770332e-01
8.191381261905245070e-01
3.715054795553865974e-01
6.400020690392744793e-01
9.270388261180505518e-01
5.463932733221542604e-01
2.163230117005779940e-01
4.806952343319833565e-01
9.342076194488362351e-01
8.952246165064334793e-01
1.311794596171107496e-01
7.646657260181166649e-02
4.817408024870780681e-01
9.101533207601621989e-01
3.248297656837597636e-01
9.204340457011099819e-01
7.758649366477795573e-01
2.031566514343216001e-01
9.249875257513332505e-01
1.676727983940907718e-01
1.200143684158606616e-01
5.728714625238304770e-01
3.654366802338709919e-01
1.764247424523556207e-01
6.145543937495148157e-01
4.158059344954434522e-01
7.404064675943429208e-01
9.072851146505012121e-01
3.304703267183451976e-01
8.593930306929040697e-01
4.882128352763959178e-01
3.858402721367819588e-01
9.328947685908045573e-01
8.089539746292881972e-01
5.234936558249824179e-01
9.440017032798343477e-01
6.120990812081402721e-01
9.904913531331807075e-01
2.350162912117378378e-01
9.410602976375148643e-01
7.565034450774043018e-01
5.266660802496341276e-01
3.908008188618076195e-01
2.524630007941479626e-01
3.123992086611980801e-01
5.813582705740026890e-01
1.044725195760236591e-01
9.573746516628790504e-01
7.329671416259460059e-01
8.974950290385733664e-01
5.918974465416793063e-01
1.106362147974967458e-01
3.832707199945163401e-01
7.617630460372536438e-01
9.025344578419237651e-01
4.053849850889755801e-01
3.288236255505190275e-01
7.513028452544742164e-01
1.512048460451329568e-01
9.207076337283569556e-01
3.823127060127480270e-01
3.425279897381851013e-01
5.317979620619733838e-01
5.060602694266034263e-01
3.144653210606002114e-01
3.863514228041535770e-01
8.064963443009923738e-01
3.257982381719773946e-01
9.965125496512681202e-01
7.873083526947088906e-01
7.448536951302703324e-01
7.392634423801158761e-01
3.486566377073152534e-02
2.703558451191425682e-01
9.511878984208120835e-01
5.405120731184205329e-01
4.920200976742052923e-01
9.200262778136409914e-01
4.647424300130986730e-03
6.294920548680977834e-01
1.817775042235743044e-01
3.892968653615134222e-01
7.489730860733513351e-01
2.192319429794870045e-01
7.430823929813473727e-01
4.626081135480678563e-01
2.785204944148026440e-01
8.694407191199163831e-01
1.175980138189460789e-01
6.982133499965794687e-01
9.244034242790736267e-01
7.471101522204859346e-02
9.232286861849817727e-01
7.143163818053608338e-01
1.289530046114407691e-01
5.067580279141897792e-01
6.842050830472279355e-02
8.068851960339625817e-01
5.297263429536075430e-01
6.583914299784379143e-01
8.123701386132065050e-02
1.254170621414011366e-01
1.753827912769834185e-01
9.881459384517835565e-01
7.411143240681604683e-01
1.552636927841605230e-01
3.326347393042610179e-01
8.547141681320419293e-01
1.633317335599985265e-01
4.060760172379725974e-01
4.297881213709664472e-03
9.566754261052387021e-01
6.732125842838647678e-01
2.832396670240965308e-01
6.908211802871150331e-01
4.372591894296951054e-02
5.684046376018090374e-01
6.017004579211242543e-01
1.090596038210600582e-03
1.582692341879707865e-01
8.229108437821609501e-01
6.061261830174403675e-01
8.742495239389077577e-01
5.838636978843037006e-01
7.552188922864802034e-01
8.905170141654685789e-01
6.373428654329610366e-01
4.188955132541843929e-01
2.250798281316560567e-01
5.292467248344644437e-01
5.276635513364920094e-01
7.616540956962826181e-01
1.308213993811574438e-01
7.883287734584731865e-02
2.824138936885952633e-01
1.207083291491130028e-01
5.888004947160470071e-01
6.854529051107010051e-01
6.681582455888666061e-01
1.101567153605875760e-01
5.567867324728679179e-01
5.098429235222762257e-01
3.299434130797063158e-02
7.338960113025860821e-01
5.683338557746577813e-01
9.546948965338867277e-01
3.175085291402490739e-02
1.650299227349760756e-02
7.142656878267150677e-01
1.680503632600157671e-01
4.221295272785839936e-01
3.476837392424734219e-01
9.611277885271379828e-01
3.383274306991757019e-01
2.181088852076906726e-01
5.222731968810041536e-01
4.894653788455043397e-01
9.913779451477251481e-01
6.810508368396838152e-01
8.105959118432148891e-01
7.540188765734269216e-01
4.692767649782694228e-01
8.070512245938987750e-02
9.047912720766121408e-01
6.158308147902046281e-01
3.909632368244538858e-01
6.141575856540627543e-01
6.626278554450625302e-01
1.609682773948100110e-01
8.692901669591632796e-01
7.245416504903053889e-01
3.807715216062457220e-02
7.784943796645186209e-01
1.935870070830751910e-01
3.723994968198475197e-01
2.542585934934052938e-01
2.624219992443016514e-01
7.720526977094874788e-01
2.785880015354706973e-01
4.112300514171138843e-01
6.496547805829139266e-01
7.833799158391095974e-01
7.279648474787555612e-01
2.321047813294733198e-01
1.343760401020226425e-01
5.739892406400787239e-01
4.667992370425601001e-01
4.148815823623837051e-01
7.196788081370780743e-01
5.206026541846686673e-02
8.502333163789999038e-02
8.241093289170554614e-01
4.106935709926365918e-01
6.710844354894354158e-01
3.026171100076224807e-02
7.898530153208014326e-01
1.016672316763074235e-01
9.131047823446876155e-01
9.472924864870888584e-01
6.526303790740677346e-01
8.024208657181876037e-01
8.098687459518624232e-01
1.140465373130928883e-01
9.912376490692063058e-01
9.246720689986812625e-01
2.863600146113005618e-01
8.363293638017348375e-01
5.363880077553064840e-01
6.994506630162345973e-01
5.473158611918201855e-01
3.116860540474091223e-01
4.991592315080140008e-02
8.218282333988956578e-01
4.966726236039302744e-01
9.895140697119072515e-01
2.673320597137568422e-01
6.919735173403318562e-01
3.868049336192691534e-01
1.067364220561879407e-01
2.564680275104396223e-01
3.183351283382520602e-01
9.560280627579254009e-02
4.235499251352259353e-01
2.331120926649012937e-01
3.381441825458466610e-01
2.944007932618515344e-01
8.516211476281866366e-01
3.516461527614620497e-01
6.915627141158890989e-01
6.371664633051418170e-01
3.373826089458613620e-01
6.217927846656655655e-01
6.788735559098213468e-02
4.589093726786990235e-01
5.179070749364818038e-01
8.447373360920409358e-01
2.336411637391050400e-01
8.034672100373660975e-01
2.964177374593266467e-01
3.480509386539284433e-01
4.892955360106732154e-02
5.896872614464957474e-01
8.374225292561729983e-01
2.034809103325185831e-01
3.028167467814930625e-01
8.098327234095704652e-01
5.319204341673992031e-01
4.998029269672107366e-01
9.089554804013583178e-01
8.954857781121335902e-01
8.624431463358334105e-01
5.497130447953058052e-01
2.556706738773562027e-01
2.168204077888662429e-01
5.408390569460463926e-01
3.867363329062825095e-01
9.900787387419284213e-01
7.702367341384056543e-01
2.724710694975052139e-01
9.905681874710393631e-01
9.044464827012687058e-01
2.894421161418022637e-01
9.573583184166122306e-01
3.213318687059194545e-01
1.212585450261913778e-01
9.422144468532005490e-01
3.417338083942504934e-01
3.161688951663361724e-01
4.599197258155702794e-01
4.785460088614891250e-01
2.634261811417151211e-01
8.122967009283026396e-01
2.298395889505376877e-01
3.564971893657054025e-02
6.913848870754839560e-01
1.131443008134596084e-01
7.648761635847630691e-01
6.936731687217045916e-01
1.784915901371563196e-01
7.491088903702144419e-01
4.046126989123137729e-01
4.244091040347157673e-01
3.092614972856919664e-01
7.613982858992006664e-01
1.149843602603789483e-01
2.644806707391256229e-02
3.860908277425723067e-02
2.377745939629882788e-01
1.976252909548983361e-01
6.477722137403406633e-01
4.350131051943934013e-01
3.453809975148123268e-01
6.501624936747012473e-01
5.930206918737217503e-01
3.530794921152242694e-01
4.603237292300362826e-01
4.118539251506270205e-01
5.022733931691802933e-02
2.516375737520103462e-01
2.227166776123093994e-01
8.796568239866303651e-01
8.322194707121290946e-01
2.417631756325604453e-01
2.739618082079273709e-01
8.222879413433011875e-01
7.923713928528354211e-01
3.305464587229977047e-01
8.592299761936481595e-01
3.724263944299461837e-01
5.394246826117737870e-01
1.342119582819930601e-01
7.539128455495056613e-01
8.783806200172099565e-01
9.401858259114448391e-02
1.475709754790949235e-01
2.367531291159200579e-01
8.375614277298757404e-01
1.320289576903149742e-01
5.484316309645150822e-01
6.237702777700140366e-01
2.795030335091327478e-01
1.701215603237152818e-01
8.793593679928974893e-01
9.480191822891195219e-01
8.179655850759197655e-01
6.656427981652169867e-01
2.407659103642897369e-01
2.450908677148543324e-01
4.988686246211913033e-01
5.505752836269365291e-01
8.060452579322352484e-02
7.648782015994558536e-01
5.513028980625225284e-01
1.131822950095943137e-01
9.134999520295931097e-01
8.919080778428818412e-01
8.050937121667546270e-01
8.472443122111391611e-01
4.771272765370736524e-01
4.556095049241954964e-01
1.813458372047971334e-01
7.950680142855610644e-01
2.249407507395284611e-01
6.564560634541628525e-01
9.656353130717287847e-02
5.757723701309902520e-01
3.357864747715385567e-01
2.960972903510399323e-01
3.577982839528969228e-01
7.207673294476389936e-01
1.616889854479697242e-01
4.596892340521687714e-01
5.588893155438022786e-01
9.041870227693357132e-01
9.504728123395136397e-01
6.529424535394564577e-01
4.242275557661135954e-01
7.918264612352210463e-02
8.329975287238460258e-01
3.635946955388127400e-01
2.737652904374067164e-01
8.070773000200637259e-01
9.523423806827051585e-01
6.908923541009536207e-01
9.975457705990842250e-03
7.685182349720894868e-01
8.906445311165368528e-01
3.002695072828890366e-01
7.295810858750443328e-01
8.550662603551254515e-01
9.764670364935817970e-01
4.341577163939247530e-02
5.153824516607347084e-01
6.476518355477383082e-01
2.112122107001049853e-01
6.162477107897993411e-01
7.829737296543002323e-01
1.282977295987028921e-01
1.908290181039986599e-01
9.667515461075082417e-01
1.883424502124260158e-01
3.527388351769719099e-01
4.374346990638704469e-01
7.827337709358406226e-02
3.466287668837648717e-01
3.798467270563048448e-01
4.825701833028376297e-01
1.579075743795828046e-01
9.572475429616943421e-01
9.581702395042484000e-01
5.087376778622313411e-01
3.735381475942967100e-02
2.570491112390849153e-02
9.534312051060677140e-01
9.157056993776996334e-01
9.883942427490495231e-01
1.746187433887022022e-01
7.165691936802165429e-03
7.031335547714113732e-01
7.930627296428772732e-01
3.910915645658206152e-01
4.277805752459057365e-01
7.660664690875294003e-01
7.908929750220343724e-01
5.924508741874194850e-01
7.673597480215587074e-01
8.001682957428396525e-01
5.649098486396942898e-01
2.683653138078749834e-01
8.048929440493975962e-01
2.405309966656914433e-01
3.894940378891409427e-02
9.211693190595988678e-01
1.812152527660977341e-01
1.146905097650521288e-01
2.901614880639510341e-01
1.369879307653144584e-01
7.811753531525744698e-03
1.924738684013309609e-01
7.872387834145194718e-01
9.389728577148448441e-02
6.451410758058208073e-01
1.454834468265137071e-01
6.894289433089324515e-01
1.440452404312825285e-01
1.115286541260644970e-01
6.671165329787284159e-01
8.348659567778748958e-01
6.016667988527218958e-01
7.276805228575214946e-01
3.879765923564088004e-01
8.626365334100360993e-02
2.803254427118906378e-01
6.065205764134696809e-01
5.607832336657972983e-01
3.143324136873766328e-01
8.494235104235232647e-01
6.021290658790923178e-01
1.463110790884768475e-01
9.205908115157631633e-01
6.912544517758458795e-01
1.608207541907716864e-01
6.139566106950051783e-01
3.201885877460383112e-01
9.035067765948406882e-01
5.888616643034328968e-01
7.948057871730139778e-01
4.254618489439954132e-01
2.321569422848870357e-01
5.985200036195850171e-01
1.109310955624420725e-01
4.431464528286339633e-01
3.372355473662159708e-01
7.061819169123341178e-01
5.577577935700168688e-01
2.007701970593681606e-01
7.999439240392606232e-01
7.694016348018543061e-01
5.085926519330193907e-01
1.475858787315642573e-01
6.585445209882723194e-02
2.216586093853150086e-01
5.391998575337640931e-01
8.247048156033299771e-01
6.021226974530944354e-01
4.856261022465155897e-01
7.886479499663227033e-01
1.755982319825297733e-01
2.236967940866200211e-01
3.193391570744049668e-01
6.243079257048501640e-01
9.555050928255781617e-01
9.494744292198226132e-01
7.463791017960295093e-01
4.458836408958866127e-01
1.115015182146686934e-01
8.147753903595023051e-01
1.702546833426804573e-01
1.262134435150457090e-01
6.932846492613287115e-01
2.405950439923671969e-01
8.144488107768101948e-01
6.105716069464602880e-01
3.771859376111865725e-01
8.697533055935415813e-01
6.661918899235743652e-01
9.100991700253944217e-01
9.848851850701789701e-01
2.834703589437043147e-01
7.456233363357192001e-01
8.311665837162846016e-01
4.205638154243883653e-01
9.464397996740399055e-01
7.881534094357557363e-01
1.986908728141024705e-01
8.313614177996080379e-01
9.748917732780890688e-01
1.559652398395452444e-01
9.292382564091132835e-01
3.264942236581829249e-01
8.054873835177434049e-01
7.922194461966167722e-01
5.071101058991693833e-01
8.455160441251539094e-01
2.963766660596037772e-01
8.195498800918014082e-01
2.501990556459988690e-01
4.833888803741014373e-01
2.589836331229496968e-01
5.802267943173580189e-01
6.442371284035206536e-01
9.936458355933142084e-01
9.077844383210436074e-01
2.707491937039484542e-01
9.788220214471066161e-02
3.975894047859718228e-01
6.882255846900082741e-01
4.386188480846953119e-01
3.479882854863334263e-01
8.613467649788035807e-01
6.107919303071847050e-01
7.071067304234066597e-01
1.353375253016416702e-01
5.324413660608403598e-01
3.923082532164104963e-01
1.179304542191050853e-01
9.644751447210808681e-01
6.567568121116161839e-01
1.618681898470978320e-01
8.292988588116545490e-02
1.662804653035276914e-02
2.113763632992901043e-01
8.086569210368280691e-01
4.579183449510793036e-01
1.180880100058555593e-01
5.514061803340573054e-01
1.063486244220049892e-01
1.096357405439734034e-01
7.419477277919658276e-01
3.521216827508288905e-01
2.556360947082652046e-01
9.899219850411611343e-02
4.317005039250139120e-01
8.132528518718981081e-01
2.366381224210033496e-01
3.456190224051089999e-01
3.116951955740352442e-01
9.983761639620414297e-02
3.193417094956342295e-01
9.805353008904416079e-02
7.574863893715324537e-01
5.199292449904935332e-01
7.069249679838579548e-01
6.311079298479722599e-01
7.985359959458224743e-01
5.187477689055305374e-01
8.983994930762486675e-01
2.828564963532516074e-01
3.553814288097975060e-01
5.956734152047015174e-01
6.496696542182186507e-01
2.612276658165401111e-01
7.774042162421962443e-01
8.487888381761247159e-01
5.380412541004797600e-01
3.627666362222360386e-01
7.001078814170350606e-01
5.325335131411111922e-01
8.708227520949339828e-01
9.673128847252184803e-01
8.524689826694186179e-01
7.869909511974015892e-01
4.521928417298581859e-01
1.632760408185111034e-01
2.669065387689267821e-01
7.551713925391771998e-01
8.484259405498630890e-01
3.822529889925267987e-01
1.635486811079220892e-01
2.803156239840565167e-02
7.033246858483999109e-01
8.557722415234347846e-01
2.768263426621302425e-01
4.903343945816367455e-01
7.161762010171744963e-01
6.827312710141536511e-01
9.164601084189891722e-01
8.255232114893501505e-01
5.819816565374258399e-01
7.252032863838234755e-01
6.165308887000092719e-01
2.456800692015723708e-01
3.175269031707115275e-01
9.623317843069274513e-01
9.914043447119481600e-01
2.709542867476937289e-01
9.597473029417954438e-01
1.305663421128457902e-01
9.183993850208639342e-01
5.728880922590180447e-01
6.017871084936614601e-01
1.716530662811790453e-01
7.000731143524329125e-01
7.350654731748959003e-01
1.523574102531733976e-01
9.952629087834552468e-01
2.571560241256025670e-01
4.010377878869463286e-01
4.976405356614411746e-01
6.048580537134484736e-02
2.455803820744264510e-01
2.043481486198265307e-01
4.204526167639229817e-01
5.070220133487823855e-02
9.381701816589149701e-01
7.120104759789566140e-01
6.439965021139738566e-01
9.330328078271862280e-01
9.363196530141242313e-01
8.070033924027457672e-01
2.370946006231403613e-01
8.476026021350668849e-01
1.427492871633505578e-01
2.932726543946099218e-01
9.656018935970270833e-01
2.966808580331024014e-01
2.754991471662902036e-01
9.663118913559409773e-01
5.115541113135549933e-01
9.580820075187171936e-01
6.871616111856614362e-01
2.497120564932645559e-01
1.457407393244786187e-01
3.642846431436064236e-01
6.666020015058340409e-01
9.277894353873250566e-02
3.040082636574320540e-01
8.068840790563602816e-02
8.411113197229279637e-01
6.784860458446411169e-01
9.754672321473539798e-01
8.492559107910346849e-01
3.379733239147917345e-01
9.694227469776413031e-01
7.968826185082097391e-01
2.764153360448741159e-01
4.493679184772089164e-01
1.391596428624696236e-01
7.485415254093046311e-01
8.734565664013205222e-01
7.285887786209466199e-02
2.589619685194604060e-01
1.583057294343724886e-01
6.688309616410031966e-01
6.092470783958223723e-01
4.502023338073293246e-01
3.919080766358825629e-01
7.905348830936662630e-01
8.567732837527873846e-01
2.985924905973053045e-01
5.137715609259069227e-01
2.309230052031711056e-01
9.114552292069040274e-01
5.220417266502083153e-01
1.468107392363512398e-01
6.186443078842428500e-01
7.926636963458483232e-01
4.402944782677021829e-01
8.628933794947641900e-01
2.033696105353334227e-01
4.980205661335778133e-01
3.686711843650920528e-01
8.800723178916134426e-01
7.769443062237775255e-01
9.893802281115932074e-01
5.590761028671664690e-01
2.540489238498073732e-01
8.582200274858754474e-01
8.499631630532792359e-01
7.941170751667959715e-01
6.895913277526958263e-01
5.486202896468258539e-01
6.478551497026754369e-01
2.803731855322694200e-01
8.381985017934848736e-01
7.266360371963026532e-01
5.699050546830897179e-02
3.236769098380269938e-01
7.891433133704393033e-01
7.936119413256057520e-01
7.346145954185262505e-01
6.248724796013918059e-01
3.960567701169319665e-01
4.083020475484733236e-02
7.566325558118593975e-01
8.788860993551953493e-01
4.972767197756455815e-02
8.864691200400842686e-02
9.756482556504842973e-01
3.410137046293466589e-01
4.017937713425012713e-02
8.948938942254902607e-02
4.217164783958355923e-01
2.402203395296197419e-01
9.723099881003838263e-01
7.509247077608447452e-01
2.062687335783255360e-01
5.068352496874483082e-01
7.421105229537375836e-01
2.202432004262030452e-01
2.697175831702973703e-01
3.614493045615211342e-01
7.614411344535092496e-01
4.962404526894006462e-01
7.418086876432949950e-01
4.685803750005368418e-01
3.084229281860082494e-01
6.395049625436470819e-01
6.316039373282800184e-01
3.800785047434812602e-01
5.159137399235154131e-01
7.020199082729288165e-01
2.494238410975649911e-01
5.330677818352116404e-01
7.800968667671537293e-01
8.272853579355781140e-01
3.819807346315774454e-01
4.741661117573385820e-01
7.687745588143820585e-01
7.346019629885155444e-01
2.967212773534657622e-01
6.342264585208695626e-01
7.093002182339306350e-01
5.346622204418883806e-01
6.292192623381456240e-01
5.839400864346928621e-01
3.494395250049547874e-01
1.153980223524005977e-01
3.404162648321505946e-01
9.718498997154082497e-01
5.256072107291873685e-01
4.952372441902641587e-01
9.587643173225126603e-01
8.346643938881240787e-01
3.446136398042169979e-01
5.626758198895669416e-01
4.128277822465941105e-01
7.798861113224054842e-01
5.597468140476491438e-01
6.231649426533377722e-01
1.406908201708044759e-01
1.232862095854931894e-01
3.113944913172532747e-01
2.995881655253515019e-01
