8.102826060417673837e-01
7.347824066807031596e-01
8.378447741325576459e-01
7.994272196759035776e-01
1.026794476719792737e+00
9.569093293059345307e-01
1.049072507069316984e+00
1.249955003897484707e+00
9.865511864809106690e-01
1.160884246079137316e+00
8.514537831638571141e-01
8.975122866767462071e-01
8.925859972639473838e-01
9.848363087353486645e-01
9.643980198104787904e-01
1.089679469637099940e+00
1.024863796319670950e+00
1.010956095105194352e+00
8.715432904758690924e-01
1.012272123854129013e+00
9.547449317827693127e-01
9.321710277078655293e-01
9.469621946682444946e-01
1.086070631439775891e+00
8.537223501688684379e-01
7.818395219750849945e-01
9.985141109710866658e-01
9.288695512501859985e-01
9.555808635245457427e-01
8.910596445759084716e-01
7.827041702687091984e-01
1.016119228122515539e+00
8.672126645356557084e-01
9.149227649034240573e-01
8.411904984781553019e-01
1.066248927074186836e+00
8.909334499667507234e-01
9.128067627289142560e-01
8.823932942462677786e-01
9.714676505365809067e-01
1.176434146266859271e+00
8.780882538010543747e-01
1.075332451986281690e+00
1.038322374215581601e+00
1.061377703129154471e+00
1.106596673955260401e+00
9.673508460222138838e-01
9.521070751729765469e-01
9.811658489434654795e-01
1.020742275363588858e+00
1.110247269092802691e+00
8.700555535201900392e-01
1.018135016184226416e+00
1.037117239713134964e+00
1.146739434707294780e+00
1.070163471844140179e+00
8.656375679553623970e-01
9.460712668793544999e-01
9.218364206882825318e-01
1.040891143720161116e+00
9.935589930045658491e-01
1.196513345008406226e+00
1.033858343491988796e+00
7.023346218669824781e-01
1.011494949708515501e+00
9.489479722552993657e-01
8.597455314958306616e-01
1.031789051303032778e+00
8.416892074555277770e-01
1.038316062911907700e+00
9.323332632522833840e-01
1.013231769355739331e+00
1.031805305369140058e+00
1.077626363504653240e+00
8.421958720769915363e-01
1.058744533622375306e+00
8.723524035646388342e-01
6.955678227589876528e-01
1.388299083544676682e+00
9.242352562697151441e-01
9.765330327388217491e-01
8.436569506198927648e-01
1.106322453342411638e+00
1.119629090184764530e+00
9.651489417967729079e-01
1.191290212074830768e+00
1.076923042928751295e+00
7.455364660869837623e-01
8.590839555142364414e-01
9.889129563545341339e-01
9.814309955984734657e-01
9.680987057686604169e-01
7.293567527906441583e-01
9.362289641893422054e-01
1.159873800553963941e+00
1.005713578147834797e+00
9.512334918363444247e-01
7.067798918970102928e-01
9.420395573392656985e-01
9.975797209896097861e-01
9.447608456318922210e-01
8.708716316437421501e-01
9.993566200825223511e-01
9.114928455881649016e-01
1.003888821340715998e+00
1.075389422213975044e+00
8.964090768249776131e-01
9.746414492320132350e-01
1.081069608767637691e+00
9.521580039963811748e-01
9.625062752136980260e-01
1.088341375994343441e+00
8.624036076166501363e-01
9.348195914192743983e-01
1.169791157111408353e+00
1.035046071350797181e+00
8.850976897560511869e-01
8.801550654648108152e-01
6.381154515289959583e-01
9.179454563975710801e-01
9.911738774765367355e-01
1.059407882407518153e+00
8.994489269193028935e-01
1.093036303530514841e+00
5.280350370633460910e-01
8.704358956232112199e-01
8.361149334062211169e-01
8.679546494102283738e-01
1.039413138037073692e+00
9.527429303558689888e-01
8.889377826014309703e-01
8.873636507241295934e-01
9.307541661531824051e-01
1.169620018137875750e+00
8.503690828975233318e-01
1.002510193456597420e+00
1.099067886486693180e+00
7.398523011903058721e-01
1.114140524147489097e+00
7.965434832175464219e-01
8.525608261555290834e-01
7.988036137259499903e-01
8.425439525574587307e-01
1.110875723983154817e+00
9.838426178822107238e-01
9.588020012984627138e-01
8.792049556560207479e-01
9.164939067738193668e-01
7.854655119469748925e-01
9.592769632972198979e-01
9.509129913658493916e-01
8.596612943912858018e-01
7.685121443283221554e-01
1.039247166894994745e+00
7.198412158121845206e-01
7.924744778575522064e-01
6.238867279400366339e-01
1.013727693607309854e+00
1.012080956660411868e+00
6.895141767496919538e-01
9.362748925847718118e-01
8.262533163293661609e-01
1.030376352556360287e+00
9.824156411834944480e-01
1.027161621160860072e+00
8.572205979999751868e-01
1.069471364083935727e+00
9.116836813059182587e-01
1.121206654572223016e+00
9.631770294549476530e-01
1.094950324253389784e+00
9.365460931073549267e-01
9.338421139669542681e-01
1.048945335517030175e+00
8.095038307939419475e-01
9.753543927505999855e-01
1.083632267957416406e+00
9.085841212622025598e-01
8.108876396217176152e-01
9.225644214536354859e-01
8.293586477168518600e-01
8.017728994995215741e-01
1.142408814390917682e+00
9.496828515695966422e-01
1.003661463680057597e+00
9.278827657730451817e-01
9.345733585499473861e-01
9.066030876183467369e-01
8.069388139836219942e-01
8.284120220526334233e-01
9.327012217921160087e-01
9.736719018942160409e-01
7.167745128901513718e-01
6.770509203829375711e-01
1.089896006498989767e+00
9.635374962091137752e-01
9.318061023649082397e-01
9.660318632754733015e-01
1.150212422094879949e+00
7.281872875129838940e-01
1.013762980039960349e+00
9.960213968459663558e-01
9.094921804465054826e-01
1.101939862651926116e+00
9.504423333332063795e-01
9.724000701332349283e-01
9.777236001165517942e-01
8.978164911842456686e-01
9.654733370539964055e-01
7.326369886011332433e-01
1.022202149171111074e+00
6.548174271003046609e-01
9.331118300239349406e-01
8.970459162968682509e-01
8.534834543899532111e-01
1.008299355196456526e+00
8.656978617906075923e-01
7.737301013580667464e-01
1.091451871055225675e+00
9.387944492841980848e-01
9.561787309851050853e-01
6.918093241461691356e-01
9.717210702427467872e-01
1.091925557762051691e+00
7.784548092960059673e-01
7.485819714616932519e-01
8.519775646467048213e-01
9.345068017349245082e-01
1.003787001541349699e+00
8.668506140411660343e-01
7.989395498402921403e-01
9.695923791333499464e-01
7.844113576740322502e-01
1.076493255699476181e+00
1.011555891407472929e+00
8.175381519552985532e-01
8.725669926208420302e-01
8.617283862606820444e-01
7.731862363923888148e-01
8.894382843882135958e-01
8.588580949315562929e-01
1.206748066407684172e+00
7.939537210508600396e-01
9.282414074747902255e-01
1.043695374233017947e+00
8.765760616660250859e-01
1.103115182685589613e+00
9.448193179371919825e-01
9.319053543398791994e-01
1.199881896346538745e+00
1.080248084685748289e+00
9.803298122441055362e-01
9.641302092626696796e-01
9.449884542261192122e-01
9.577361641748128873e-01
9.553789288241869571e-01
8.001446725689610462e-01
8.506999553994067931e-01
8.852446371433833061e-01
8.335076627499192758e-01
1.082402381637958211e+00
8.358908713598449669e-01
9.109569882586715517e-01
9.876744431635383625e-01
7.409819306282385831e-01
8.816070323184532764e-01
1.053024226974585087e+00
7.615304186600782010e-01
1.094095073522107775e+00
9.275208398489953598e-01
7.455680662073388421e-01
8.719020805814581276e-01
1.100729829169827978e+00
8.705925623991762619e-01
1.071884871570143449e+00
1.023298597904763962e+00
7.854672302244315452e-01
1.108796032501094597e+00
7.599785745427555250e-01
9.286011473154482943e-01
1.060818647691312178e+00
9.332445117613105134e-01
9.375663713450834713e-01
9.948442547152200888e-01
9.320492542845891792e-01
8.870732642857384054e-01
7.936631474669477715e-01
1.147740745204506085e+00
1.045795417926605353e+00
9.794029560615704622e-01
6.737931787705623288e-01
1.082652356573284846e+00
1.159194366688959255e+00
9.705975454695251470e-01
9.224759372998174722e-01
1.119878329415932905e+00
1.060390463255364235e+00
9.672407885267191308e-01
8.225880535822899242e-01
9.112631999014104700e-01
9.014916870391788128e-01
1.059916708669184748e+00
9.619831821177438069e-01
1.134714181806669719e+00
9.854157303083957986e-01
1.097024989732826139e+00
1.251831048639514332e+00
9.683086362411441606e-01
1.035262951234142914e+00
8.768133771358661566e-01
8.024238914019983238e-01
1.068300567753179608e+00
1.006234162960644829e+00
7.889523986126093513e-01
9.943294809605693896e-01
9.117113017042033363e-01
8.869989507690992925e-01
9.734942140429149182e-01
8.979818047754785093e-01
7.641239932338819152e-01
9.508774982752060678e-01
8.203366631491406658e-01
8.184048779813072327e-01
1.041534119411571035e+00
8.039486328632268197e-01
8.632377717388505234e-01
1.112428397883861164e+00
8.896918693849422688e-01
9.120838265992846638e-01
9.273097099348404093e-01
9.439769265456485758e-01
8.791073222585981117e-01
7.856636760733000102e-01
7.686979144741816761e-01
7.608684625852463190e-01
1.097830150071973376e+00
8.887649391063723314e-01
7.949200595991680052e-01
9.054271344382516240e-01
9.598909012520483452e-01
1.097412004203347946e+00
9.100668153008799610e-01
9.577488232177474581e-01
7.650167444557294250e-01
9.413399564736211200e-01
8.600749351281848920e-01
1.065029623620140198e+00
8.899417585570240652e-01
9.078438515790899777e-01
8.922929645260658793e-01
1.003977391128016539e+00
1.041473085030319767e+00
7.711159938974183614e-01
1.101285114146495214e+00
8.198409024890332963e-01
1.212468741069079314e+00
1.008456718268150976e+00
1.026681535733995121e+00
9.501947707967549617e-01
8.313974551793320567e-01
9.249687282498177954e-01
8.803464835541678912e-01
1.148362524697346121e+00
8.971874754087690862e-01
9.838539286126806171e-01
1.170268833857817992e+00
7.593092667899419279e-01
9.574412333489155102e-01
1.262600638525342545e+00
1.084091586841255728e+00
1.200757081989622055e+00
1.048786042180597455e+00
8.935422155045609216e-01
8.528778695476868510e-01
9.025833379386125621e-01
1.070039300315022368e+00
8.679080171939992372e-01
8.063302226734572198e-01
1.006882982987740593e+00
9.286018448217961962e-01
1.085679143920684542e+00
1.208679350208577308e+00
1.048523707418426598e+00
9.974205412578522889e-01
9.011139585791944073e-01
9.018306732470185993e-01
8.869229958001155767e-01
9.570732566425290688e-01
7.659699027884694367e-01
8.418470157425035350e-01
6.300161696483245199e-01
1.000715390203959165e+00
8.189801145111067493e-01
8.988269958480171740e-01
7.180597854059730389e-01
1.247051914149520435e+00
9.390704187089108368e-01
9.094370557115650788e-01
8.333891986958736897e-01
9.051877910210118783e-01
1.228449429116433844e+00
9.559671229601063303e-01
1.090068294789830583e+00
8.120262129417670227e-01
1.003942169575786636e+00
5.713645152759820878e-01
7.135177268868181377e-01
1.065926274106353544e+00
1.110434039035018028e+00
8.709059038299755695e-01
8.996102690731222484e-01
1.144127529060072979e+00
1.054450807994760098e+00
8.992830709419405988e-01
1.107446263418512711e+00
9.707759679825209709e-01
1.117896379667675077e+00
7.781840818425322936e-01
8.357589552032951286e-01
9.589937896640570170e-01
9.457461874925431333e-01
9.596550976092578233e-01
1.094696352014435270e+00
7.889466493179743134e-01
8.242173546072267820e-01
1.170991454868510084e+00
7.488474442876542625e-01
7.435235691303625494e-01
1.004758859661333492e+00
9.741395652278858064e-01
8.389832077009304889e-01
9.321651842903054819e-01
9.944138109521977187e-01
1.104323396026396731e+00
1.079918475829910740e+00
1.075544687304342606e+00
1.074738412119256692e+00
8.474396975968497836e-01
6.951847773120105600e-01
9.762627301449713357e-01
1.075176497454931601e+00
1.054611578589488952e+00
7.851980918394106945e-01
7.848960581869375286e-01
9.756705565802816782e-01
9.518452532457519766e-01
8.153292077436627983e-01
8.877747321149617177e-01
1.134839796675122026e+00
9.348866633117730585e-01
9.284693624501129117e-01
1.013312699197573608e+00
1.232365178005857320e+00
1.082306523694245515e+00
9.464129621992225516e-01
1.111306116149654466e+00
7.417709117807708141e-01
8.940378872922807307e-01
9.661628797372945332e-01
9.684781892506073575e-01
8.643364184784931847e-01
9.942267912108941896e-01
9.567796930201195593e-01
7.191170779000072288e-01
9.493318398257932778e-01
1.140943194948298878e+00
7.591166318954838399e-01
1.084564030801652423e+00
9.425269913650676790e-01
1.064353751697993289e+00
7.182431987438862020e-01
9.024579490627957501e-01
9.142661660411314228e-01
1.043189954230955063e+00
9.073060568842179485e-01
1.070195592675601270e+00
8.473123827867355962e-01
8.426571306160992592e-01
8.195698639226028925e-01
9.900370577980477371e-01
1.050036715777636243e+00
1.074857415638371450e+00
1.063374758068854176e+00
8.970852622320542036e-01
8.886166471189711480e-01
9.951659364308809153e-01
9.205670710796526324e-01
8.868038706522962666e-01
1.072863297631778456e+00
9.447617551966405181e-01
1.046270078512572699e+00
1.000386566801281685e+00
1.167708756414690852e+00
9.670933629312695734e-01
7.273653774302930586e-01
1.062059718810432596e+00
9.876404147527159116e-01
9.304601752550454297e-01
7.482158129893545784e-01
8.734906985982959782e-01
1.078651083629391882e+00
8.872401026483511810e-01
8.396271489817661582e-01
1.112670835815076531e+00
1.017671934876553941e+00
9.734713540501331863e-01
8.231508793131465662e-01
9.409344149464813345e-01
9.496163450718401178e-01
1.073172794091279414e+00
1.035278188398417454e+00
9.138873893183847574e-01
1.045073137287575005e+00
9.036088856055306540e-01
7.865390968960564999e-01
9.998592576864402393e-01
7.760397958575750987e-01
1.132840826222408115e+00
1.099374911247551712e+00
1.107335723414037965e+00
9.626914437060677399e-01
8.816153424498039959e-01
1.075249737281916529e+00
9.260326132336468286e-01
9.310666744629851888e-01
1.074169937840184996e+00
7.855768528277329299e-01
1.030622955805656105e+00
1.050110481408309093e+00
9.133913620607705397e-01
9.263805788613150849e-01
8.125918294648357687e-01
1.013743091755571424e+00
1.153798157846704697e+00
8.389267936554042349e-01
9.550230811289186494e-01
1.092212342186259511e+00
7.851425029891259122e-01
1.216848463874724118e+00
1.045177504771397370e+00
1.009467381465760205e+00
9.183942659138011333e-01
1.103669881302079547e+00
7.401933053828427811e-01
1.106504500969371696e+00
9.107502338014008547e-01
1.118515694106408942e+00
1.141944098400160312e+00
9.846953025688454098e-01
1.045388246985907932e+00
1.037579416633960028e+00
1.215139626450276289e+00
8.585676883056297948e-01
9.604989217828735493e-01
9.577283663963706006e-01
1.114287171623340233e+00
1.226339163610968619e+00
1.281871494403168166e+00
1.023698888711925381e+00
9.546167737088515626e-01
7.514376964102083001e-01
1.062005379661971727e+00
9.365907674367921487e-01
8.909692869541693261e-01
7.902900179899956523e-01
1.109804039006367260e+00
9.398697614719350168e-01
1.170857655199725400e+00
1.001670233180291580e+00
1.038046077078277785e+00
8.459548581077027674e-01
7.392245160203075871e-01
9.862715962594570396e-01
9.072763082596799755e-01
8.865648573861782955e-01
8.258020468696786187e-01
8.432798437798268987e-01
8.971247621069350364e-01
1.024518339606682593e+00
8.484457264681767308e-01
8.781546909181581206e-01
9.989502591222424455e-01
7.812406262784383770e-01
7.606557306929413453e-01
1.219451845182432326e+00
9.593339986583701018e-01
8.669648021497422530e-01
9.271259654596488708e-01
8.363267083224761311e-01
9.828353319838939450e-01
8.533298141903873368e-01
8.039582964712199686e-01
9.112512962028525010e-01
7.297700765054412342e-01
1.021783310353820973e+00
9.489635228035604442e-01
1.015278892724138959e+00
9.832734688966693337e-01
1.005728707123572097e+00
8.354921097413066100e-01
1.106561436293641121e+00
9.907371634580425246e-01
1.068876025137035723e+00
7.605528782900191631e-01
9.310757439509944611e-01
1.139593620642588734e+00
1.010175707770103903e+00
8.636984707740728018e-01
9.379368757208826901e-01
1.110379182513556051e+00
1.022810161154038111e+00
9.031647819203312277e-01
1.020075708537604209e+00
8.278337097989773019e-01
1.184008810328354144e+00
1.237370197167301455e+00
1.046058981419051070e+00
1.050089093311339372e+00
9.030329201119647875e-01
8.168265147524187419e-01
8.625673708416390362e-01
8.781624039941584581e-01
1.173328567016354240e+00
8.215542000332978212e-01
9.282795385408899591e-01
8.230137891707840492e-01
1.010078874818800987e+00
8.254845157708832204e-01
9.982118216143103240e-01
1.035855886414127847e+00
1.020517468724016830e+00
1.164052114661795034e+00
1.236368228829043847e+00
9.262913483892376565e-01
9.910133978331534532e-01
1.111201627443985540e+00
1.231123373049759273e+00
9.241784988897655539e-01
8.144829496296113192e-01
1.147697841776042393e+00
1.098107876223899826e+00
7.512106798368676230e-01
9.382707854495637712e-01
8.712632284737198418e-01
8.063126727461693566e-01
9.101556895186603269e-01
1.120673475958072762e+00
9.451700024496461072e-01
1.042355284939783466e+00
1.048725120832258773e+00
8.883062525107242591e-01
1.078672656920704798e+00
9.370123451382526003e-01
8.302604792002435952e-01
1.041051621852790099e+00
8.213314464853007646e-01
7.978065231613966635e-01
8.357938414528350846e-01
1.035428989605230221e+00
8.171486454090105545e-01
1.135992567772237116e+00
1.045396701581641663e+00
9.842884472805164542e-01
1.070534113907085416e+00
1.146204913979636864e+00
9.500325985989244160e-01
1.011416594777934552e+00
9.617394028406376361e-01
7.736499972371052580e-01
9.891704492335229304e-01
1.067441175665180486e+00
8.711924127751207170e-01
9.769100319002373967e-01
1.189171327671822764e+00
9.515156820693511097e-01
1.004324795289925909e+00
9.584389142351533719e-01
8.784490877453722257e-01
8.857243260821919817e-01
8.947543635618794289e-01
1.055792064188793011e+00
8.974010558851184260e-01
8.865697766393232371e-01
9.543846435072378398e-01
1.065294314442246870e+00
1.031758668416669078e+00
9.693054294333398602e-01
1.239194108160788677e+00
9.930469821192006163e-01
1.137715777286066432e+00
1.221223238216774698e+00
9.260617958091630353e-01
1.035962476032017410e+00
6.957104698561722422e-01
9.425845181289814745e-01
1.156545552332435278e+00
8.706479767472842246e-01
9.513336246771167959e-01
8.423112137659086729e-01
9.637486884302286505e-01
8.258876477525458615e-01
9.179928597743548524e-01
9.505768712570364931e-01
1.102258044270489679e+00
9.875749612363852181e-01
8.249104161240348176e-01
8.679515988274362215e-01
6.646336436286035543e-01
1.146358926056242789e+00
1.124917805946091365e+00
7.255899648132946300e-01
9.319669691597081140e-01
1.154467733974792631e+00
9.490335662991837840e-01
9.375591505938563053e-01
9.023782825930147800e-01
9.256124575273718680e-01
7.641451466707711582e-01
1.060119512085984539e+00
1.074629415547066147e+00
1.203677026161565689e+00
9.053560641481207538e-01
8.435854174847807752e-01
1.018016131644260636e+00
1.048133057523405354e+00
1.175319349697828697e+00
9.768580015837378117e-01
1.042261852692903501e+00
9.739126648326246194e-01
8.508512409020702050e-01
9.105582909746781084e-01
1.002231835765784007e+00
8.658370919363383988e-01
9.312364331479987545e-01
1.096646333995668909e+00
9.368932535179568255e-01
1.124713378230267402e+00
8.228549935918327840e-01
9.497788833854515778e-01
7.884662588725701582e-01
1.113264818603626694e+00
1.095535112461832217e+00
9.944627070112806999e-01
7.888989429800534747e-01
1.089721515207116020e+00
8.069291945845192826e-01
8.100788636590524616e-01
8.196177215538363869e-01
8.382209415841984645e-01
8.424713423504894827e-01
1.113189648178078528e+00
1.024913074825700043e+00
8.909609588307110251e-01
9.495581353107521716e-01
1.197036853142943169e+00
8.208911437027646141e-01
8.596552535058000766e-01
9.643316716300975866e-01
1.130161556641271270e+00
9.979871450043442671e-01
9.533137719610648153e-01
9.622452542582520252e-01
1.002813409603754646e+00
9.108234734710262126e-01
1.026157195666412836e+00
1.023352022767010983e+00
7.834575695329096812e-01
1.146646621603954364e+00
9.544324767828964440e-01
1.059374657023751221e+00
1.039621976896131006e+00
9.782623743994801613e-01
1.040071588844833306e+00
8.205976265993456531e-01
1.073713149520713506e+00
1.058688142527800968e+00
9.907262274225152598e-01
9.147154091287028610e-01
1.153551746306136661e+00
1.006197043160922400e+00
8.834239620379491509e-01
8.917962104620859032e-01
9.118786521324860894e-01
8.454067533925037070e-01
7.456593002157805294e-01
1.117188872995284799e+00
1.066543131908439523e+00
9.549133413198841458e-01
1.277316465843024940e+00
9.596368375581711962e-01
1.023831760728184159e+00
1.054320208054208230e+00
1.038624486057585283e+00
9.999723903989646834e-01
9.793019571962665593e-01
1.107846449566072033e+00
8.070111976053531144e-01
8.681911405970988982e-01
1.043036335408616511e+00
1.024482500306887367e+00
